-20.233333 15.623456
 8.123456 -25.654321
-15.432109 29.876543
 2.987654 -10.111111
 25.765432 18.901234
-28.765432 -20.543210
 11.456789  5.123456
-10.987654 22.111111
 18.765432 -28.901234
  5.432109 14.654321
-22.111111 -18.765432
 15.623456  8.123456
-25.543210 11.456789
 20.901234 -15.432109
  9.876543 26.765432
-11.111111  2.987654
 24.111111 21.111111
-18.901234 -22.111111
  6.543210 -29.876543
 21.111111  9.432109
-14.765432 16.543210
-23.456789 13.765432
 10.111111 -24.111111
 27.654321  7.432109
-19.876543 -14.765432
  4.111111 28.901234
 16.543210 -21.111111
-26.111111  4.987654
 22.765432 19.876543
-12.432109 25.111111
  8.765432 -16.543210
 29.876543  3.111111
-17.111111 20.543210
 14.111111 12.111111
-21.765432 -11.456789
  3.432109 22.765432
 18.111111 -26.765432
-15.111111 18.111111
 11.765432  9.111111
-28.111111  1.111111
  6.111111 24.111111
 25.432109 -13.765432
-10.111111 27.111111
  5.765432 -20.111111
 23.111111 15.111111
-24.765432 -9.876543
  2.111111 16.111111
 19.111111  6.543210
-13.432109 23.111111
